(10.005252032814727, 289.51505326555514,  10.005252032814751, 55.791577894664364)
(8.0166707887876427, 237.97294324479088,  8.016670788787664, 58.934993416929856)
(6.3659464432937911, 193.97221618777053,  6.3659464432937733, 59.43398579991274)
(5.0148870431746415, 155.55804505335931,  5.0148870431746184, 57.248522240774768)
(3.9241698581683577, 123.20666619092341,  3.9241698581683728, 52.936437766742955)
(3.044679765401427, 95.940639576280887,   3.0446797654014213, 47.179244834759878)
(2.3310307686205207, 74.530916184366859,  2.3310307686205225, 41.242384537508016)
(1.8055531375480696, 57.500399761645234,  1.8055531375480751, 34.995179723225171)
(1.3630119824610754, 43.056973733726167,  1.3630119824610734, 28.57497153359472)
(1.0254470920297398, 32.393328352918573,  1.0254470920297361, 23.105780343502158)
(0.77819086371547286, 24.772959116137375, 0.77819086371547308, 18.730134772018523)
(0.5924848566970754, 18.652923270281057,  0.59248485669707973, 14.793938541242763)
(0.44342591182216823, 14.110197478085952, 0.4434259118221664, 11.68657937891267)
(0.32449718396190719, 10.061513216369359, 0.32449718396190735, 8.6454764376588393)
(0.2462392632801686, 7.9991441868906552,  0.24623926328016907, 7.075341054921263)
(0.17995020687354496, 5.7895292058730696, 0.1799502068735449, 5.2498302077457799)
(0.13478417666883458, 4.2146561002113181, 0.13478417666883413, 3.8895445118964362)
(0.099449778570450814, 3.1170131041014377,0.099449778570450523, 2.92472149000311)
(0.074452813719303179, 2.3054596003755266,0.074452813719303304, 2.1894644256015652)
(0.051631534936688268, 1.6316323933270145,0.051631534936688074, 1.5710517856906998)
10.0022021172&10.005252032814727& 10.005252032814751\\
8.02638469385&8.0166707887876427& 8.016670788787664\\ 
6.37924904693&6.3659464432937911& 6.3659464432937733\\ 
5.02541348179&5.0148870431746415& 5.0148870431746184\\
3.92690420603&3.9241698581683577& 3.9241698581683728\\
3.04592058431&3.044679765401427&  3.0446797654014213\\
2.34679877596&2.3310307686205207& 2.3310307686205225\\
1.79723400902&1.8055531375480696& 1.8055531375480751\\
1.36889248498&1.3630119824610754& 1.3630119824610734\\
1.03756650489&1.0254470920297398& 1.0254470920297361\\
0.783018613011&0.77819086371547286&0.77819086371547308\\
0.588637155719&0.5924848566970754& 0.59248485669707973\\
0.440997057228&0.44342591182216823&0.4434259118221664\\
0.329392108384&0.32449718396190719&0.32449718396190735\\
0.245381782063&0.2462392632801686& 0.24623926328016907\\
0.182377553986&0.17995020687354496&0.1799502068735449\\
0.13528073067&0.13478417666883458&0.13478417666883413\\
0.100175092579&0.099449778570450814&0.099449778570450523\\
0.0740722950356&0.074452813719303179&0.074452813719303304\\
0.0547050187389&0.051631534936688268&0.051631534936688074\\

10.0022021172,
8.02638469385,
6.37924904693,
5.02541348179,
3.92690420603,
3.04592058431,
2.34679877596,
1.79723400902,
1.36889248498,
1.03756650489,
0.783018613011,
0.588637155719,
0.440997057228,
0.329392108384,
0.245381782063,
0.182377553986,
0.13528073067,
0.100175092579,
0.0740722950356,
0.0547050187389,